# Dolby Vision Display Management Configuration File
# Date : 03/18/2024
# Brand Model Number: N83

[Global]
DMSwVersion = 4.0
Tmax = 589.6
Tmin = 0.1
TPrimaries = 0.6493 0.3324 0.29 0.60 0.1504 0.06 0.302 0.316

TEOTF = POWER
Tgamma = 2.1

Ambient = 3
TSurroundReflection = 0.5
TScreenReflection = 0.0005
ALDelayMilliSec = 50
ALResponseFall = 0.004
ALResponseRise = 0.02
ALOperationalRate = 50
TFrontLux = 240
TFrontLuxScale = 1.668

RGB2YCCmat=0.2249515012 0.5805731287 0.0507803555 -0.1222960562 -0.3156316076 0.4379276637 0.4379276637 -0.4027047292 -0.0352229345
RGB2YCCOffsetNorm=0.0625 0.5 0.5

[PictureMode = 0]
PictureModeName = Dolby Vision Standard
DBrightness = 0.3

[PictureMode = 1]
PictureModeName = Dolby Vision Bright
DBrightness = 0.3

[PictureMode = 2]
PictureModeName = Dolby Vision Vivid
DBrightness = 0.3

[PictureMode = 3]
PictureModeName = Dolby Vision Cinema
Ambient = 0